@relation ThresholdCurve

@attribute Instance_number numeric
@attribute 'True Positives' numeric
@attribute 'False Negatives' numeric
@attribute 'False Positives' numeric
@attribute 'True Negatives' numeric
@attribute 'False Positive Rate' numeric
@attribute 'True Positive Rate' numeric
@attribute Precision numeric
@attribute Recall numeric
@attribute Fallout numeric
@attribute FMeasure numeric
@attribute 'Sample Size' numeric
@attribute Lift numeric
@attribute Threshold numeric

@data
0,9,0,205,0,1,1,0.042056,1,0.957944,0.080717,1,1,0
1,9,0,204,1,0.995122,1,0.042254,1,0.957746,0.081081,0.995327,1.004695,0
2,9,0,203,2,0.990244,1,0.042453,1,0.957547,0.081448,0.990654,1.009434,0
3,9,0,202,3,0.985366,1,0.042654,1,0.957346,0.081818,0.985981,1.014218,0
4,9,0,201,4,0.980488,1,0.042857,1,0.957143,0.082192,0.981308,1.019048,0
5,9,0,200,5,0.97561,1,0.043062,1,0.956938,0.082569,0.976636,1.023923,0
6,9,0,199,6,0.970732,1,0.043269,1,0.956731,0.082949,0.971963,1.028846,0
7,9,0,198,7,0.965854,1,0.043478,1,0.956522,0.083333,0.96729,1.033816,0
8,9,0,197,8,0.960976,1,0.043689,1,0.956311,0.083721,0.962617,1.038835,0
9,9,0,196,9,0.956098,1,0.043902,1,0.956098,0.084112,0.957944,1.043902,0
10,9,0,195,10,0.95122,1,0.044118,1,0.955882,0.084507,0.953271,1.04902,0
11,9,0,194,11,0.946341,1,0.044335,1,0.955665,0.084906,0.948598,1.054187,0
12,9,0,193,12,0.941463,1,0.044554,1,0.955446,0.085308,0.943925,1.059406,0
13,9,0,192,13,0.936585,1,0.044776,1,0.955224,0.085714,0.939252,1.064677,0
14,9,0,191,14,0.931707,1,0.045,1,0.955,0.086124,0.934579,1.07,0
15,9,0,190,15,0.926829,1,0.045226,1,0.954774,0.086538,0.929907,1.075377,0
16,9,0,189,16,0.921951,1,0.045455,1,0.954545,0.086957,0.925234,1.080808,0
17,9,0,188,17,0.917073,1,0.045685,1,0.954315,0.087379,0.920561,1.086294,0
18,9,0,187,18,0.912195,1,0.045918,1,0.954082,0.087805,0.915888,1.091837,0
19,9,0,186,19,0.907317,1,0.046154,1,0.953846,0.088235,0.911215,1.097436,0
20,9,0,185,20,0.902439,1,0.046392,1,0.953608,0.08867,0.906542,1.103093,0
21,9,0,184,21,0.897561,1,0.046632,1,0.953368,0.089109,0.901869,1.108808,0
22,9,0,183,22,0.892683,1,0.046875,1,0.953125,0.089552,0.897196,1.114583,0
23,9,0,182,23,0.887805,1,0.04712,1,0.95288,0.09,0.892523,1.120419,0
24,9,0,181,24,0.882927,1,0.047368,1,0.952632,0.090452,0.88785,1.126316,0
25,9,0,180,25,0.878049,1,0.047619,1,0.952381,0.090909,0.883178,1.132275,0
26,9,0,179,26,0.873171,1,0.047872,1,0.952128,0.091371,0.878505,1.138298,0
27,9,0,178,27,0.868293,1,0.048128,1,0.951872,0.091837,0.873832,1.144385,0
28,9,0,177,28,0.863415,1,0.048387,1,0.951613,0.092308,0.869159,1.150538,0
29,9,0,176,29,0.858537,1,0.048649,1,0.951351,0.092784,0.864486,1.156757,0
30,9,0,175,30,0.853659,1,0.048913,1,0.951087,0.093264,0.859813,1.163043,0
31,9,0,174,31,0.84878,1,0.04918,1,0.95082,0.09375,0.85514,1.169399,0
32,9,0,173,32,0.843902,1,0.049451,1,0.950549,0.094241,0.850467,1.175824,0
33,9,0,172,33,0.839024,1,0.049724,1,0.950276,0.094737,0.845794,1.18232,0
34,9,0,171,34,0.834146,1,0.05,1,0.95,0.095238,0.841121,1.188889,0
35,9,0,170,35,0.829268,1,0.050279,1,0.949721,0.095745,0.836449,1.195531,0
36,9,0,169,36,0.82439,1,0.050562,1,0.949438,0.096257,0.831776,1.202247,0
37,9,0,168,37,0.819512,1,0.050847,1,0.949153,0.096774,0.827103,1.20904,0
38,9,0,167,38,0.814634,1,0.051136,1,0.948864,0.097297,0.82243,1.215909,0
39,9,0,166,39,0.809756,1,0.051429,1,0.948571,0.097826,0.817757,1.222857,0
40,9,0,165,40,0.804878,1,0.051724,1,0.948276,0.098361,0.813084,1.229885,0
41,9,0,164,41,0.8,1,0.052023,1,0.947977,0.098901,0.808411,1.236994,0
42,9,0,163,42,0.795122,1,0.052326,1,0.947674,0.099448,0.803738,1.244186,0
43,9,0,162,43,0.790244,1,0.052632,1,0.947368,0.1,0.799065,1.251462,0
44,9,0,161,44,0.785366,1,0.052941,1,0.947059,0.100559,0.794393,1.258824,0
45,9,0,160,45,0.780488,1,0.053254,1,0.946746,0.101124,0.78972,1.266272,0
46,9,0,159,46,0.77561,1,0.053571,1,0.946429,0.101695,0.785047,1.27381,0
47,9,0,158,47,0.770732,1,0.053892,1,0.946108,0.102273,0.780374,1.281437,0
48,9,0,157,48,0.765854,1,0.054217,1,0.945783,0.102857,0.775701,1.289157,0
49,9,0,156,49,0.760976,1,0.054545,1,0.945455,0.103448,0.771028,1.29697,0
50,9,0,155,50,0.756098,1,0.054878,1,0.945122,0.104046,0.766355,1.304878,0
51,9,0,154,51,0.75122,1,0.055215,1,0.944785,0.104651,0.761682,1.312883,0
52,9,0,153,52,0.746341,1,0.055556,1,0.944444,0.105263,0.757009,1.320988,0
53,9,0,152,53,0.741463,1,0.055901,1,0.944099,0.105882,0.752336,1.329193,0
54,9,0,151,54,0.736585,1,0.05625,1,0.94375,0.106509,0.747664,1.3375,0
55,9,0,150,55,0.731707,1,0.056604,1,0.943396,0.107143,0.742991,1.345912,0
56,9,0,149,56,0.726829,1,0.056962,1,0.943038,0.107784,0.738318,1.35443,0
57,9,0,148,57,0.721951,1,0.057325,1,0.942675,0.108434,0.733645,1.363057,0
58,9,0,147,58,0.717073,1,0.057692,1,0.942308,0.109091,0.728972,1.371795,0
59,9,0,146,59,0.712195,1,0.058065,1,0.941935,0.109756,0.724299,1.380645,0
60,9,0,145,60,0.707317,1,0.058442,1,0.941558,0.110429,0.719626,1.38961,0
61,9,0,144,61,0.702439,1,0.058824,1,0.941176,0.111111,0.714953,1.398693,0
62,9,0,143,62,0.697561,1,0.059211,1,0.940789,0.111801,0.71028,1.407895,0
63,9,0,142,63,0.692683,1,0.059603,1,0.940397,0.1125,0.705607,1.417219,0
64,9,0,141,64,0.687805,1,0.06,1,0.94,0.113208,0.700935,1.426667,0
65,9,0,140,65,0.682927,1,0.060403,1,0.939597,0.113924,0.696262,1.436242,0
66,9,0,139,66,0.678049,1,0.060811,1,0.939189,0.11465,0.691589,1.445946,0
67,9,0,138,67,0.673171,1,0.061224,1,0.938776,0.115385,0.686916,1.455782,0
68,9,0,137,68,0.668293,1,0.061644,1,0.938356,0.116129,0.682243,1.465753,0
69,9,0,136,69,0.663415,1,0.062069,1,0.937931,0.116883,0.67757,1.475862,0
70,9,0,135,70,0.658537,1,0.0625,1,0.9375,0.117647,0.672897,1.486111,0
71,9,0,134,71,0.653659,1,0.062937,1,0.937063,0.118421,0.668224,1.496503,0
72,9,0,133,72,0.64878,1,0.06338,1,0.93662,0.119205,0.663551,1.507042,0
73,9,0,132,73,0.643902,1,0.06383,1,0.93617,0.12,0.658879,1.51773,0
74,9,0,131,74,0.639024,1,0.064286,1,0.935714,0.120805,0.654206,1.528571,0
75,9,0,130,75,0.634146,1,0.064748,1,0.935252,0.121622,0.649533,1.539568,0
76,9,0,129,76,0.629268,1,0.065217,1,0.934783,0.122449,0.64486,1.550725,0
77,9,0,128,77,0.62439,1,0.065693,1,0.934307,0.123288,0.640187,1.562044,0
78,9,0,127,78,0.619512,1,0.066176,1,0.933824,0.124138,0.635514,1.573529,0
79,9,0,126,79,0.614634,1,0.066667,1,0.933333,0.125,0.630841,1.585185,0
80,9,0,125,80,0.609756,1,0.067164,1,0.932836,0.125874,0.626168,1.597015,0
81,9,0,124,81,0.604878,1,0.067669,1,0.932331,0.126761,0.621495,1.609023,0
82,9,0,123,82,0.6,1,0.068182,1,0.931818,0.12766,0.616822,1.621212,0
83,9,0,122,83,0.595122,1,0.068702,1,0.931298,0.128571,0.61215,1.633588,0
84,9,0,121,84,0.590244,1,0.069231,1,0.930769,0.129496,0.607477,1.646154,0
85,9,0,120,85,0.585366,1,0.069767,1,0.930233,0.130435,0.602804,1.658915,0
86,9,0,119,86,0.580488,1,0.070313,1,0.929688,0.131387,0.598131,1.671875,0
87,9,0,118,87,0.57561,1,0.070866,1,0.929134,0.132353,0.593458,1.685039,0
88,9,0,117,88,0.570732,1,0.071429,1,0.928571,0.133333,0.588785,1.698413,0
89,9,0,116,89,0.565854,1,0.072,1,0.928,0.134328,0.584112,1.712,0
90,9,0,115,90,0.560976,1,0.072581,1,0.927419,0.135338,0.579439,1.725806,0
91,9,0,114,91,0.556098,1,0.073171,1,0.926829,0.136364,0.574766,1.739837,0
92,9,0,113,92,0.55122,1,0.07377,1,0.92623,0.137405,0.570093,1.754098,0
93,9,0,112,93,0.546341,1,0.07438,1,0.92562,0.138462,0.565421,1.768595,0
94,9,0,111,94,0.541463,1,0.075,1,0.925,0.139535,0.560748,1.783333,0
95,9,0,110,95,0.536585,1,0.07563,1,0.92437,0.140625,0.556075,1.798319,0
96,9,0,109,96,0.531707,1,0.076271,1,0.923729,0.141732,0.551402,1.813559,0
97,9,0,108,97,0.526829,1,0.076923,1,0.923077,0.142857,0.546729,1.82906,0
98,9,0,107,98,0.521951,1,0.077586,1,0.922414,0.144,0.542056,1.844828,0
99,9,0,106,99,0.517073,1,0.078261,1,0.921739,0.145161,0.537383,1.86087,0
100,9,0,105,100,0.512195,1,0.078947,1,0.921053,0.146341,0.53271,1.877193,0
101,9,0,104,101,0.507317,1,0.079646,1,0.920354,0.147541,0.528037,1.893805,0
102,9,0,103,102,0.502439,1,0.080357,1,0.919643,0.14876,0.523364,1.910714,0
103,9,0,102,103,0.497561,1,0.081081,1,0.918919,0.15,0.518692,1.927928,0
104,9,0,101,104,0.492683,1,0.081818,1,0.918182,0.151261,0.514019,1.945455,0
105,9,0,100,105,0.487805,1,0.082569,1,0.917431,0.152542,0.509346,1.963303,0
106,9,0,99,106,0.482927,1,0.083333,1,0.916667,0.153846,0.504673,1.981481,0
107,9,0,98,107,0.478049,1,0.084112,1,0.915888,0.155172,0.5,2,0
108,9,0,97,108,0.473171,1,0.084906,1,0.915094,0.156522,0.495327,2.018868,0
109,9,0,96,109,0.468293,1,0.085714,1,0.914286,0.157895,0.490654,2.038095,0
110,9,0,95,110,0.463415,1,0.086538,1,0.913462,0.159292,0.485981,2.057692,0
111,9,0,94,111,0.458537,1,0.087379,1,0.912621,0.160714,0.481308,2.07767,0
112,9,0,93,112,0.453659,1,0.088235,1,0.911765,0.162162,0.476636,2.098039,0
113,9,0,92,113,0.44878,1,0.089109,1,0.910891,0.163636,0.471963,2.118812,0
114,9,0,91,114,0.443902,1,0.09,1,0.91,0.165138,0.46729,2.14,0
115,9,0,90,115,0.439024,1,0.090909,1,0.909091,0.166667,0.462617,2.161616,0
116,9,0,89,116,0.434146,1,0.091837,1,0.908163,0.168224,0.457944,2.183673,0
117,9,0,88,117,0.429268,1,0.092784,1,0.907216,0.169811,0.453271,2.206186,0
118,9,0,87,118,0.42439,1,0.09375,1,0.90625,0.171429,0.448598,2.229167,0
119,9,0,86,119,0.419512,1,0.094737,1,0.905263,0.173077,0.443925,2.252632,0
120,9,0,85,120,0.414634,1,0.095745,1,0.904255,0.174757,0.439252,2.276596,0
121,9,0,84,121,0.409756,1,0.096774,1,0.903226,0.176471,0.434579,2.301075,0
122,9,0,83,122,0.404878,1,0.097826,1,0.902174,0.178218,0.429907,2.326087,0
123,9,0,82,123,0.4,1,0.098901,1,0.901099,0.18,0.425234,2.351648,0
124,9,0,81,124,0.395122,1,0.1,1,0.9,0.181818,0.420561,2.377778,0
125,9,0,80,125,0.390244,1,0.101124,1,0.898876,0.183673,0.415888,2.404494,0
126,9,0,79,126,0.385366,1,0.102273,1,0.897727,0.185567,0.411215,2.431818,0
127,9,0,78,127,0.380488,1,0.103448,1,0.896552,0.1875,0.406542,2.45977,0
128,9,0,77,128,0.37561,1,0.104651,1,0.895349,0.189474,0.401869,2.488372,0
129,9,0,76,129,0.370732,1,0.105882,1,0.894118,0.191489,0.397196,2.517647,0
130,9,0,75,130,0.365854,1,0.107143,1,0.892857,0.193548,0.392523,2.547619,0
131,9,0,74,131,0.360976,1,0.108434,1,0.891566,0.195652,0.38785,2.578313,0
132,9,0,73,132,0.356098,1,0.109756,1,0.890244,0.197802,0.383178,2.609756,0
133,9,0,72,133,0.35122,1,0.111111,1,0.888889,0.2,0.378505,2.641975,0
134,9,0,71,134,0.346341,1,0.1125,1,0.8875,0.202247,0.373832,2.675,0
135,9,0,70,135,0.341463,1,0.113924,1,0.886076,0.204545,0.369159,2.708861,0
136,9,0,69,136,0.336585,1,0.115385,1,0.884615,0.206897,0.364486,2.74359,0
137,9,0,68,137,0.331707,1,0.116883,1,0.883117,0.209302,0.359813,2.779221,0
138,9,0,67,138,0.326829,1,0.118421,1,0.881579,0.211765,0.35514,2.815789,0
139,9,0,66,139,0.321951,1,0.12,1,0.88,0.214286,0.350467,2.853333,0
140,9,0,65,140,0.317073,1,0.121622,1,0.878378,0.216867,0.345794,2.891892,0
141,9,0,64,141,0.312195,1,0.123288,1,0.876712,0.219512,0.341121,2.931507,0
142,9,0,63,142,0.307317,1,0.125,1,0.875,0.222222,0.336449,2.972222,0
143,9,0,62,143,0.302439,1,0.126761,1,0.873239,0.225,0.331776,3.014085,0
144,9,0,61,144,0.297561,1,0.128571,1,0.871429,0.227848,0.327103,3.057143,0
145,9,0,60,145,0.292683,1,0.130435,1,0.869565,0.230769,0.32243,3.101449,0
146,9,0,59,146,0.287805,1,0.132353,1,0.867647,0.233766,0.317757,3.147059,0
147,9,0,58,147,0.282927,1,0.134328,1,0.865672,0.236842,0.313084,3.19403,0
148,9,0,57,148,0.278049,1,0.136364,1,0.863636,0.24,0.308411,3.242424,0
149,9,0,56,149,0.273171,1,0.138462,1,0.861538,0.243243,0.303738,3.292308,0
150,9,0,55,150,0.268293,1,0.140625,1,0.859375,0.246575,0.299065,3.34375,0
151,9,0,54,151,0.263415,1,0.142857,1,0.857143,0.25,0.294393,3.396825,0
152,9,0,53,152,0.258537,1,0.145161,1,0.854839,0.253521,0.28972,3.451613,0
153,9,0,52,153,0.253659,1,0.147541,1,0.852459,0.257143,0.285047,3.508197,0
154,9,0,51,154,0.24878,1,0.15,1,0.85,0.26087,0.280374,3.566667,0
155,9,0,50,155,0.243902,1,0.152542,1,0.847458,0.264706,0.275701,3.627119,0
156,9,0,49,156,0.239024,1,0.155172,1,0.844828,0.268657,0.271028,3.689655,0
157,9,0,48,157,0.234146,1,0.157895,1,0.842105,0.272727,0.266355,3.754386,0
158,9,0,47,158,0.229268,1,0.160714,1,0.839286,0.276923,0.261682,3.821429,0
159,9,0,46,159,0.22439,1,0.163636,1,0.836364,0.28125,0.257009,3.890909,0
160,9,0,45,160,0.219512,1,0.166667,1,0.833333,0.285714,0.252336,3.962963,0
161,9,0,44,161,0.214634,1,0.169811,1,0.830189,0.290323,0.247664,4.037736,0
162,9,0,43,162,0.209756,1,0.173077,1,0.826923,0.295082,0.242991,4.115385,0
163,9,0,42,163,0.204878,1,0.176471,1,0.823529,0.3,0.238318,4.196078,0
164,9,0,41,164,0.2,1,0.18,1,0.82,0.305085,0.233645,4.28,0
165,9,0,40,165,0.195122,1,0.183673,1,0.816327,0.310345,0.228972,4.367347,0
166,9,0,39,166,0.190244,1,0.1875,1,0.8125,0.315789,0.224299,4.458333,0
167,9,0,38,167,0.185366,1,0.191489,1,0.808511,0.321429,0.219626,4.553191,0
168,9,0,37,168,0.180488,1,0.195652,1,0.804348,0.327273,0.214953,4.652174,0
169,9,0,36,169,0.17561,1,0.2,1,0.8,0.333333,0.21028,4.755556,0
170,9,0,35,170,0.170732,1,0.204545,1,0.795455,0.339623,0.205607,4.863636,0
171,9,0,34,171,0.165854,1,0.209302,1,0.790698,0.346154,0.200935,4.976744,0
172,9,0,33,172,0.160976,1,0.214286,1,0.785714,0.352941,0.196262,5.095238,0
173,9,0,32,173,0.156098,1,0.219512,1,0.780488,0.36,0.191589,5.219512,0
174,9,0,31,174,0.15122,1,0.225,1,0.775,0.367347,0.186916,5.35,0
175,9,0,30,175,0.146341,1,0.230769,1,0.769231,0.375,0.182243,5.487179,0
176,9,0,29,176,0.141463,1,0.236842,1,0.763158,0.382979,0.17757,5.631579,0
177,9,0,28,177,0.136585,1,0.243243,1,0.756757,0.391304,0.172897,5.783784,0
178,9,0,27,178,0.131707,1,0.25,1,0.75,0.4,0.168224,5.944444,0
179,9,0,26,179,0.126829,1,0.257143,1,0.742857,0.409091,0.163551,6.114286,0
180,9,0,25,180,0.121951,1,0.264706,1,0.735294,0.418605,0.158879,6.294118,0
181,9,0,24,181,0.117073,1,0.272727,1,0.727273,0.428571,0.154206,6.484848,0
182,9,0,23,182,0.112195,1,0.28125,1,0.71875,0.439024,0.149533,6.6875,0
183,9,0,22,183,0.107317,1,0.290323,1,0.709677,0.45,0.14486,6.903226,0
184,9,0,21,184,0.102439,1,0.3,1,0.7,0.461538,0.140187,7.133333,0
185,9,0,20,185,0.097561,1,0.310345,1,0.689655,0.473684,0.135514,7.37931,0
186,8,1,20,185,0.097561,0.888889,0.285714,0.888889,0.714286,0.432432,0.130841,6.793651,0.000017
187,8,1,19,186,0.092683,0.888889,0.296296,0.888889,0.703704,0.444444,0.126168,7.045267,0.00005
188,8,1,18,187,0.087805,0.888889,0.307692,0.888889,0.692308,0.457143,0.121495,7.316239,0.000052
189,8,1,17,188,0.082927,0.888889,0.32,0.888889,0.68,0.470588,0.116822,7.608889,0.000114
190,8,1,16,189,0.078049,0.888889,0.333333,0.888889,0.666667,0.484848,0.11215,7.925926,0.000186
191,8,1,15,190,0.073171,0.888889,0.347826,0.888889,0.652174,0.5,0.107477,?,0.000798
192,8,1,14,191,0.068293,0.888889,0.363636,0.888889,0.636364,0.516129,0.102804,?,0.003181
193,8,1,13,192,0.063415,0.888889,0.380952,0.888889,0.619048,0.533333,0.098131,?,0.003507
194,8,1,12,193,0.058537,0.888889,0.4,0.888889,0.6,0.551724,0.093458,?,0.004117
195,8,1,11,194,0.053659,0.888889,0.421053,0.888889,0.578947,0.571429,0.088785,?,0.010463
196,8,1,10,195,0.04878,0.888889,0.444444,0.888889,0.555556,0.592593,0.084112,?,0.016914
197,8,1,9,196,0.043902,0.888889,0.470588,0.888889,0.529412,0.615385,0.079439,?,0.035633
198,8,1,8,197,0.039024,0.888889,0.5,0.888889,0.5,0.64,0.074766,?,0.08521
199,8,1,7,198,0.034146,0.888889,0.533333,0.888889,0.466667,0.666667,0.070093,?,0.307278
200,8,1,6,199,0.029268,0.888889,0.571429,0.888889,0.428571,0.695652,0.065421,?,0.464535
201,8,1,5,200,0.02439,0.888889,0.615385,0.888889,0.384615,0.727273,0.060748,?,0.964393
202,8,1,4,201,0.019512,0.888889,0.666667,0.888889,0.333333,0.761905,0.056075,?,0.969474
203,8,1,3,202,0.014634,0.888889,0.727273,0.888889,0.272727,0.8,0.051402,?,0.970851
204,8,1,2,203,0.009756,0.888889,0.8,0.888889,0.2,0.842105,0.046729,?,0.973183
205,8,1,1,204,0.004878,0.888889,0.888889,0.888889,0.111111,0.888889,0.042056,?,0.997995
206,7,2,1,204,0.004878,0.777778,0.875,0.777778,0.125,0.823529,0.037383,?,0.998169
207,6,3,1,204,0.004878,0.666667,0.857143,0.666667,0.142857,0.75,0.03271,?,0.998342
208,5,4,1,204,0.004878,0.555556,0.833333,0.555556,0.166667,0.666667,0.028037,?,0.99901
209,4,5,1,204,0.004878,0.444444,0.8,0.444444,0.2,0.571429,0.023364,?,0.999018
210,3,6,1,204,0.004878,0.333333,0.75,0.333333,0.25,0.461538,0.018692,?,0.999221
211,2,7,1,204,0.004878,0.222222,0.666667,0.222222,0.333333,0.333333,0.014019,?,0.999222
212,1,8,1,204,0.004878,0.111111,0.5,0.111111,0.5,0.181818,0.009346,?,0.999993
213,0,9,1,204,0.004878,0,0,0,1,0,0.004673,?,0.999994